clang_noflag.txt 2792.195 6540.494 5926.292 6453.493
clang_O1.txt 6410.935 6526.075 17094.086 14837.512
clang_O2.txt 6462.912 6417.125 16941.457 14633.975
clang_O3.txt 6308.641 6441.660 16666.160 14472.920
clang_Ofast.txt 33295.722 6423.826 15853.187 16124.763
gcc_noflag.txt 2967.999 6795.709 6135.652 6804.004
gcc_O1.txt 6565.071 6822.659 20619.346 15553.172
gcc_O2.txt 6521.918 6752.750 19728.873 15558.998
gcc_O3.txt 6462.719 6728.346 12980.245 8524.986
gcc_Ofast.txt 25133.238 6435.838 24506.053 31286.801
