clang_noflag.txt 370.051 92.505 73.533 73.041 118.670 114.831
clang_O1.txt 352.497 287.990 398.950 291.579 649.200 620.422
clang_O2.txt 337.050 928.973 497.991 941.021 813.895 887.087
clang_O3.txt 343.153 794.463 491.251 900.256 739.238 877.226
clang_Ofast.txt 335.059 928.944 497.416 1044.951 876.221 865.394
gcc_noflag.txt 382.077 82.931 67.072 72.631 100.857 101.565
gcc_O1.txt 373.399 295.394 425.370 294.182 635.376 624.567
gcc_O2.txt 366.849 294.935 406.276 393.244 840.493 766.142
gcc_O3.txt 309.782 1146.288 454.903 942.894 805.543 912.494
gcc_Ofast.txt 352.798 834.202 722.064 1244.596 791.864 892.122
