clang_noflag.txt 2940.752 6827.821 10800.963 12564.277
clang_O1.txt 6576.181 6841.380 25789.382 27067.456
clang_O2.txt 6576.795 6822.920 25958.228 28926.231
clang_O3.txt 6577.267 6799.153 26452.274 28601.661
clang_Ofast.txt 26015.058 6720.114 33972.253 25290.336
gcc_noflag.txt 2986.018 6850.068 10898.798 12606.796
gcc_O1.txt 6574.172 6831.591 27365.799 28905.762
gcc_O2.txt 6543.614 6711.963 27351.825 28627.813
gcc_O3.txt 6550.705 6823.665 26784.470 19133.430
gcc_Ofast.txt 12968.084 6716.718 25845.123 50030.708
